214
0
0
00000002,0000000003300000,20000100,0000000010000000,20202020,20202020,10101010,01000001,01000000,00000100,01000001,00001000,00002200,22000000,00000000,00221100,2000000100000001,0001000100001000,0000001000000000,0000000000000000,0001001000100001,0000100000000000,10000000,10010000,10001000,10101010,00001000,10000010,00001001,00100000,10000000,100000200000,10200020,10000000,20002222,00110000,10010010,00001000,00000000,10010010,0000000003333333,3333333303333003,0030030030030000,0001000010100000,0000100000000000,1000001000010000,20200000,00200022,00102000,1000001000000020,01000010,00200010,10000000,0001000100020000,1000100000000000,00000000,10000000,00000000000000010,00001000,20000200,02000200,00010001,00001010,10000010,00002020,10002000,10102020,10001000,10000020,00000000,00000000,00001000,000000000000000000200000,10101000,1000000010000001,000000000000,201200000000,00000010,0333333333333330,20000000,20020020,0001000000002000,10100000,10000000,20020020,0001001000001000,00000200,20100000,20002000,20012000,20002010,20002010,20002000,20002000,2000000000000000,0000000020002000,10000010,00002000,2020202000000000,0000000000202000,0000100010000000,0330000000000000,22220010,1000000003333330,20000000,10001000,0300000003000000,0300000003333330,00002000,00001000,0000000000000000,00000100,20100000,00020010,1000100010000020,20000020,0000000000200000,00000000,20000100,00000010,0000000000000000,2000200010000000,1000100020000200,00000200,10200000,20020000,0000100010001000,20000000,00000000,00000000,00000000,00000000,00000000,00000000,00000000,00000000,10000000,00001000,00000010,00000010,00000000,10000010,0000000000000000,0000000020000000,10000010,10011000,22222222,22222222,10100001,10001000,22222222,22222222,10000010,10102222,10101000,1000000000010000,0000000010000000,1010000000010000,0000000000010000,1010000010000000,1000000000010000,00000000,10101010,10001010,0000000003333333,3333333333333333,3333333333333333,3333333333333333,3300000000000000,
22010100,0020202000000330,00110001,0020202000100000,00000100,01000000,00000100,10101010,00010001,00010001,00010000,00101000,00220022,00220022,00000022,11000020,0000001000000010,0010001000001000,1000000000001000,0000000000000000,0010000100010010,2000001000002000,00100010,00100010,00101010,00100000,10000010,10001000,10101010,00001010,00100010,200010000200,20002000,20002000,00200000,11000010,10000010,01001000,00000010,10000010,0010000003333333,3333333330033300,3003003003000000,0010000000001000,1010000000202000,0100010000100001,02000000,10000200,01000020,0100010000202000,00101000,00000020,00222220,0010001010000000,0100010020002000,20020000,00022220,10000000000020000,10002000,00020002,00210001,01000100,02202000,00000010,10020000,00100020,10000000,00200000,00002000,20202222,20202000,00100000,200000200020000000000000,10001010,1000000010000010,000000200201,000001201200,00002020,0333333333300000,00002220,00000002,0010001000000000,00002202,00001000,00000000,0010002000002000,20200001,00010010,00000000,00100010,00100000,00010001,00000001,00100010,0002020000222222,2002200000000000,00101000,20020020,0000000020222022,2002000000000000,1000000000000330,0000000003300000,00001000,0000100000000000,00202020,02220222,0330000003300000,0333000000000000,10000002,00220100,2220202020202020,00100200,00000000,20000020,0100010001000000,00100000,2220202000001000,20200010,00020002,00200100,0000000000000000,0100010001000000,0100010000000000,00200000,20000000,00000100,0000010001000001,00000000,00000000,00000000,00000000,00000000,00000000,00000000,00000000,00100010,00000010,00010010,00000001,00001001,00001001,00001000,2000200002222202,2002200000002000,00101000,00100010,00000000,00000000,00001010,00100010,00000000,00000000,00101000,01010000,00101010,0100200000102000,0000000001002000,0000101000102000,0000101000102000,0000000001002000,0100200000102000,00002211,00101010,10101010,0000000003333333,3333333333333333,3333333333333333,3333333333333333,3000000000000000,
00010102,0000000000000330,20110100,0000000000001000,00010001,00010001,00010001,00000100,20202120,21202020,00000100,10100000,22000000,00002200,00221100,00000000,2000010000000100,0100010010000000,0000001000001000,0010000000000000,0100100001001000,0000000010000000,00001000,10001000,10100001,00001001,00101001,00101010,10000010,10100010,10101000,000201000000,00100010,00000000,20000011,22220010,00010010,01001000,00001000,10010000,0010000003333333,3333333303300330,0300300300300000,0100200000001010,0000000000000000,0010100001001010,00002010,00002000,10002000,0010100020000000,02202020,20002202,02000000,2100210002000000,0010001000000000,00002222,10000000,00200002020000000,20000000,10201000,10001020,00100020,00000020,00101000,20200000,10000002,00010020,10000020,10200002,00000000,00000000,10000000,000000002000200000200000,00101010,1000000010000100,200201001000,000000000001,20100000,0333333333333330,20000000,00100100,0100000000100000,20200000,20002000,10100101,0100000000000000,00001001,20000010,20002010,20002000,20102001,20002000,20002010,20002001,2000000000000000,0000000020002000,22222222,00200000,0000100000000000,0000002020000000,2020202020000000,0000000000000330,00102222,1000000000000000,20000000,00000000,0333000003333000,0333330000000000,10002000,00000010,0000000000000000,00200000,10001010,00010000,0010001000100020,20100200,0000000000102000,00000000,20000000,00000010,0333333333333330,0010001000101010,0010001000000000,00000100,00010000,10010010,0000001000010010,00000000,00000000,00000000,00000000,00000000,00000000,00000000,00000000,00010000,00000000,00100000,00101000,10010000,00100010,00000000,0000000000000000,0000000020000000,22222222,22222222,00101010,00011000,22222222,22222222,00101100,10001010,01012222,00011000,10001010,0010000001000000,0000101000100000,0000000001000000,0000000001000000,0000101000100000,0010000001000000,22110000,10001010,10101010,0000000003333333,3333333333333333,3333333333333333,3333333333333333,0000000000000000,
00000000,0000000003300000,00000001,0000000000000010,01000000,00000100,01000000,00010000,00000000,00000000,10101010,10000000,00000000,00000000,11000000,00000000,0000100010001000,1000100010000000,1000000000000000,0010000000000000,1000010010000100,0000000000000000,10101010,00101010,00000010,10010010,10100010,00100001,00100100,10001000,00001010,000000000100,00001000,00001000,00001100,00000000,10010000,01001000,00100000,00010010,0010000003333333,3333333303003003,0030030030030000,1000000010000000,1000101000000000,0001000010000100,00000000,00000000,00000010,0001000000000000,00000000,00000000,00000000,0000000000000000,0001000100000000,00000000,00000000,00000000000000000,00000000,00000010,00000000,10001000,00000000,10000000,00000000,00000000,00000000,00001000,00000000,00000000,10101000,00000010,000000000000000000000000,10100010,1000000010001000,001000000000,000000000000,00001000,0333333333300000,00000000,00100100,1000100000100000,00000000,00000000,00100100,1000100000100000,10101000,00001000,00100000,00000010,00000000,00100000,00100000,00100000,0000000000000000,0000000000000000,00000000,00000000,1000000000000000,0000000000000000,0000000000000330,0000033000000000,10000000,0000100003333330,00000000,10001000,0333300003333300,0333333000000000,10000000,00000001,0000000000000000,00000000,00000000,10000000,0001000100010000,00000000,0000000000000000,00000010,00010001,00100100,0333333333333330,0001000100000000,0001000100000000,00100000,00000010,00000001,0000000100100100,00000000,00000000,00000000,00000000,00000000,00000000,00000000,00000000,00001000,00101000,10000000,10000000,00100000,10000000,00100000,0000000000000000,0000000000000000,00000000,00000000,10000001,10100010,00000000,00000000,10000010,00100000,10100000,10100010,10100010,0001000010000000,1010000000010000,0000000010000000,1010000010000000,0000000000010000,0001000010000000,00000000,10100010,00100010,0000000003333333,3333333333333333,3333333333333333,3333333333333330,0000000000000000,
0,0,end,"
0,0,end,"
0,0,end,"
0,0,end,"
0
280.0
21
140.0
22
280.0
127
0.546875
135
280.0
divide
8.0
21
4.0
22
8.0
127
0.015625
135
8.0
hideBarLine
↓
0
1
127
1
128
1
129
1
130
1
131
1
132
1
133
1
134
1
135
1