107
0
0
0010010000001000,0333333333333330,0010000010001000,1000001000001000,0000101000010010,0333333333333330,0000100010000000,100000100000000100100100,0010100000100010,0010000010000000,1001002020001000,1000000000000010,0010100000100010,0010000010000010,0010001010001010,1000000010101010,2000100010001000,1000100010001000,1000100010001000,1000100010001000,0000100000001000,0000100000001000,00000000000000000000000000000000100000000000000000000000000000000000000000000000000000000000000010000000000000000000000000000000,0000100020202020,0010001000100000,0333300000001000,0010001000100010,0000100010001000,0010001000100010,0010001000100010,0330000333300000,0330001003333000,1000000000001000,0000033000100000,1000100000000000,0330000000001000,1000002000000000,0010000000000330,0000001000100010,2000200000201020,1000000000001010,0330000000100000,1010000010000000,0000001000000330,0000001010001000,000000000000100000000100000000000000000000000000,0000000100000000,100000000000000000100000000000000000000000000000,000100100000100000000100,0000100020002000,0330000010000010,0020001000001000,000100100000100000000100,0330001000000010,0330001000100330,2020200000000000,000100100000100000000033,3000001000001000,0010001000100010,0010001000100010,03300000000010000000100000000300,0010001000000330,0000100010000000,1000001000100330,0000100010001000,1000100010001000,1000100010001000,1000100010001000,1000100010001000,1000100010001000,1000100010001000,1000100000033330,0000000000100010,0010000010000000,0010001000100010,0010000010000010,0010000010000010,0000001000001000,1000001000100000,0010001000033330,0000001000000000,0000000000100000,0000000000000000,0000000000100000,0000000010000000,0010000000000000,0000001000000000,0000000010000000,100100000000,100100000101,000000100100,000000000000,000001001001,000000001001,000001000001,000000100000000000100000,1000100010100000,0010000010001000,0000100010001000,0010100100000000,1000001000001000,0000000333300000,0330000000100010,0000100010000010,0000100010001000,1000000020002000,0010000000100010,1000100010000010,2000200000100000,0010000100101010,0000000000000000,0000000000000000,0000000000000000,
0010222000100010,0000001000001000,0022000010000000,0010000010000010,0000102200220022,0000001000001000,1000100000100010,000000100000000010000100,0022200000101010,0000100010000010,1022200000100010,1010000000001000,0022200000101010,0000100010000000,2020202000202000,1000100020202020,0000100000001000,0000100000001000,0000100000001000,0000100000001000,1000100010001000,1000100010001000,10000000000000000000000000000000100000000000000000000000000000001000000000000000000000000000000010000000000000000000000000000000,1000100000000000,0000033333300010,0010001000100010,0333333000001000,0330001000100010,1000033333300000,0330000333300000,0010001000100010,1000033000100010,1020002010201020,0010000000000330,0020102010200020,0000101003300010,1020100010201000,0000033000100000,2000202010201000,0000000010000000,1000100010100000,0000033000000010,1000101000001000,0010000003300000,1010002220201000,000000200000200000200200200000202020200000202020,2020201010202020,100000000100000000100000200020002000200020002000,100010000100000100000000,0330000000100000,0330000010001000,0000100010001000,100010000100000100000100,0010001000100010,0330000010000010,0000000003333330,100010000100000100000000,1000100010001000,0330000010001000,0010001000100330,00000000100003030300000010000000,1000100000100000,0010001000100003,3000100010000000,1010000010000010,0010000000100010,0000001000000010,0010000333333330,0000001000001000,0010000010001000,0010000010000010,0010001020202020,0010001000100010,0000000333333330,0000000000000010,0010000000001000,0010001000100000,0010000000033330,0010001000100010,0000100000001000,0000000010000000,0000001000000000,0000001000000000,0000001000002000,2000000000100010,0000000000000000,0333333333333000,0000000010000000,200222200222,200222202202,200222200222,200222101010,001010000010,001001010010,001010001010,000010001000000010001000,1000100010100001,0010000020001000,1000100000001000,2022202220202020,0010000333300000,0000100000001000,0000100330000010,0010000003333330,0010001000100010,1000100000000000,1000102220001000,1000001010001000,0000001000100010,1000102220202020,2222222222222222,2000000000000000,0000000000000000,
1000000000000000,0000100000100010,0000001000100010,0000100000100000,1010000000000000,0000100000100010,0010001000100010,000000100000100001000000,1000002020001000,1000001000001000,0000000000100010,0000100010100000,1000002020001000,1000001000001000,0000000000000000,1000100100000000,2000033333300010,0330001010000010,0000001010000000,0330001000100010,1000033333300010,0333330000000000,00000000000000003000000000000000000000000000000030000000000000000000000000000000300000000000000000000000000000003000000000000000,0010001000000000,1000100010001000,1000100010001000,1000100010001000,1000100010001000,0000100000001000,0000100000001000,0000100000001000,0000100000001000,1000100010000000,0000001003300000,1000000010001000,0000033000000000,1000100010001020,0000101003300000,0010000000001000,1020002020002000,1000101000001000,0010000003300000,1000100010100000,0000033000000010,1010000000000010,000000000000000000000000000000000000000000000000,0000001010000000,100000000100000000100000000000000000000000000000,100001000100000100000100,0010001000100010,0020100000001000,0330000000100000,100001000100000000100000,0330000020102000,0010000330000010,0333333020202020,100001000100000100000000,0010001000100010,0330000000100010,1000100010100330,00000000100003030300000010000000,1000100010000000,1000100010001000,1000001000100330,0000000000000000,0010000333333330,0000000000000000,0010000010001000,0010001000100000,1000001000100010,0010001000100000,0000001000000000,1000100010001000,0010000000000010,0010000010001000,0000000333333330,0000000000000010,0000001000000000,0000000000001000,0010001000000000,0000000000100000,0010000000000000,1000100010000000,0010000000000000,0000001000000000,0000001000000000,0000000010000003,3333333000000000,000000000000,000000000000,000000000000,000000010101,010100010000,010010100100,010100010100,001000000010001000000010,0001000100000010,1010000000002000,1000001000000010,0000000000000000,0000100333300010,0010000000000000,0330000010001000,0333333000001000,1000100020002000,0010001000100010,1000100000001000,0010100000101000,0010001020002010,1000100000000000,0000000000000000,0000000000000000,0000000000000000,
1000101000001000,0010000010000000,1001001000001000,0333333333333330,0010000100100001,0010000010000000,1000001000001000,100000000000100000100000,1001000000001000,1000000000100000,0010100000001010,0000001010000000,1001000000001000,1000000000100000,1000100010100010,1000100100000000,0000000000001000,0000100000001000,0333300000001000,0000100010001000,0000000000001000,0000001000100010,30000000000000000000000000000000000000000000000000000000000000000000000000000000000000000000000000000000000000000000000000000000,0000100000033330,0000100000001000,0000100000001000,0000100000001000,0000100000001000,1000100010001000,1000100010001000,1000100010001000,1000100010001000,1000100000000000,0330000000000010,1000000000001000,0010000000100330,0000000000000000,0330000000001010,1000100000000010,0000100000000000,1010000010000000,0000001000000330,0000000000001010,0330000000100000,1010000100100010,000000100000000000100000100000000000000000000000,0000000100000000,000000000100000000000000000000000000000000000000,000000100000000000100000,0330001000000010,0000001000100000,0330000010000010,000000100000000100000000,0000100000000000,1000100330000330,0000000000000000,000000100000000000100033,3000000010100010,0000100000100010,0010001000100010,03300000000010000000100000000300,0010000010000330,0010001000100003,3000100010000000,0010001000100010,0000000000000000,0010001000100010,0000000000000010,0000000000000010,0000100000033330,0000000000000010,0000000100000000,1000100010001000,1000100010001000,1000100010001000,1000100010001000,1000100010001000,1000100010001000,1000100010001000,1000100010001000,1000100000000010,0000000000000000,0000000000100010,0000000000000000,1000100000000000,0000000000100000,1000000000100000,0000000010000000,000000100100,000000101000,100100000000,100100000000,100000100100,100100000000,100000100000,100000000000030303030300,0010001000000000,1010000000000000,0000100000100000,1001001010101010,1000001000000000,1000000000000010,0010000330001000,1000001000100000,1000000000000000,0000100010001000,0010000000100010,1000100010001000,0010000000000000,0010000100101010,0000000000000000,0000000000000000,0000000000000000,
0,0,end,"
0,0,end,"
0,0,end,"
0,0,end,"
0
220.0
80
110.0
88
220.0
divide
8.0
80
4.0
88
8.0
hideBarLine
↓
0
1